100
3 1 5 15 13 11
3 0 8 23 22 21
1 1 3 17
3 3 10 13 3 2
3 0 2 2 2 3
1 0 5 11
1 0 1 0
1 0 8 21
3 0 10 30 27 18
3 2 4 23 0 10
2 1 2 3 3
3 1 8 21 20 21
3 3 7 12 15 6
3 3 8 7 28 14
1 1 1 27
1 0 8 20
2 0 10 18 27
3 0 10 30 30 30
3 1 9 24 24 23
3 3 2 19 5 4
3 2 10 21 22 6
2 2 10 17 17
2 1 6 14 14
2 2 0 10 22
2 2 9 10 25
3 2 9 24 11 1
3 1 2 3 9 5
1 1 9 22
2 1 8 20 21
2 0 4 29 11
2 2 7 25 16
3 0 6 14 14 0
1 1 10 17
2 0 8 21 21
2 2 3 14 28
1 0 4 30
3 3 10 12 9 8
2 1 10 10 12
2 2 9 14 23
1 1 2 25
3 0 2 2 2 2
3 0 8 14 3 28
1 0 8 20
3 3 7 9 15 2
3 2 1 8 23 0
1 0 2 2
2 0 8 28 23
3 1 6 19 27 12
1 1 7 10
2 0 4 6 9
2 2 1 9 11
2 0 7 21 21
3 0 0 30 30 30
3 0 4 1 8 4
2 1 10 27 27
2 0 4 20 17
2 2 2 3 28
2 0 9 24 1
1 1 3 21
3 0 0 0 0 0
3 0 1 9 30 17
1 1 2 18
2 1 2 5 9
3 0 9 12 23 23
1 0 3 25
3 2 6 14 14 14
1 0 10 26
3 0 9 14 23 25
2 0 3 5 5
2 0 8 19 12
1 1 1 15
3 1 7 17 20 18
3 0 9 24 24 21
2 1 8 19 11
1 1 7 18
2 2 5 7 4
3 0 8 11 16 17
3 1 3 5 5 4
1 1 0 6
2 2 1 10 2
2 2 0 6 16
2 0 0 1 13
2 0 1 19 26
1 0 10 21
2 1 8 19 17
2 1 6 5 23
2 0 5 23 12
1 1 3 24
3 0 5 23 16 28
1 0 7 17
3 0 3 3 3 23
3 0 2 4 7 1
2 2 3 8 11
2 1 4 19 18
1 1 8 3
2 1 4 15 21
2 0 8 14 3
3 3 7 27 15 24
1 1 4 24
2 0 9 17 26
